13 1 %.1f %.1f %.1f %.1f %.1f %.1f %.1f %.1f %.1f %.1f %.1f %.1f %.1f %.3f
29 0 0 94 126 0 0 71 0 0 0 0 0 0
77 1 3 200 564 1 2 202 1 6.2 2 4 3 1
45 1 0 115 260 0 0 185 0 0 2 0 2 1
62 1 1 120 281 0 0 103 0 1.4 1 1 3 0
58 1 2 132 224 0 0 173 0 3.2 2 2 3 0
57 1 0 110 201 0 1 126 1 1.5 1 0 1 1
44 1 2 140 235 0 0 180 0 0 2 0 2 1
52 1 1 120 325 0 1 172 0 0.2 2 0 2 1
41 1 1 120 157 0 1 182 0 0 2 0 2 1
41 0 2 112 268 0 0 172 1 0 2 0 2 1
44 1 0 112 290 0 0 153 0 0 2 1 2 0
51 1 0 140 299 0 1 173 1 1.6 2 0 3 0
53 0 2 128 216 0 0 115 0 0 2 0 0 1
35 1 1 122 192 0 1 174 0 0 2 0 2 1
44 1 1 130 219 0 0 188 0 0 2 0 2 1
69 1 3 160 234 1 0 131 0 0.1 1 1 2 1
43 1 0 150 247 0 1 171 0 1.5 2 0 2 1
54 1 0 110 206 0 0 108 1 0 1 1 2 0
41 0 1 126 306 0 1 163 0 0 2 0 2 1
56 1 1 130 221 0 0 163 0 0 2 0 3 1
42 1 0 140 226 0 1 178 0 0 2 0 2 1
60 0 3 150 240 0 1 171 0 0.9 2 0 2 1
39 0 2 138 220 0 1 152 0 0 1 0 2 1
54 1 1 108 309 0 1 156 0 0 2 0 3 1
58 1 2 112 230 0 0 165 0 2.5 1 1 3 0
60 1 0 130 206 0 0 132 1 2.4 1 2 3 0
55 1 0 160 289 0 0 145 1 0.8 1 1 3 0
37 1 2 130 250 0 1 187 0 3.5 0 0 2 1
63 1 0 130 330 1 0 132 1 1.8 2 3 3 0
65 1 0 120 177 0 1 140 0 0.4 2 0 3 1
64 1 2 140 335 0 1 158 0 0 2 0 2 0
56 1 3 120 193 0 0 162 0 1.9 1 0 3 1
53 1 0 140 203 1 0 155 1 3.1 0 0 3 0
52 1 0 112 230 0 1 160 0 0 2 1 2 0
58 1 1 125 220 0 1 144 0 0.4 1 4 3 1
62 0 0 124 209 0 1 163 0 0 2 0 2 1
42 1 2 120 240 1 1 194 0 0.8 0 0 3 1
54 0 2 108 267 0 0 167 0 0 2 0 2 1
60 0 2 102 318 0 1 160 0 0 2 1 2 1
58 0 2 120 340 0 1 172 0 0 2 0 2 1
42 0 2 120 209 0 1 173 0 0 1 0 2 1
54 1 0 120 188 0 1 113 0 1.4 1 1 3 0
53 1 2 130 246 1 0 173 0 0 2 3 2 1
66 1 1 160 246 0 1 120 1 0 1 3 1 0
42 1 0 136 315 0 1 125 1 1.8 1 0 1 0
54 1 2 120 258 0 0 147 0 0.4 1 0 3 1
62 1 2 130 231 0 1 146 0 1.8 1 3 3 1
52 1 3 118 186 0 0 190 0 0 1 0 1 1
57 1 0 132 207 0 1 168 1 0 2 0 3 1
41 0 1 130 204 0 0 172 0 1.4 2 0 2 1
59 1 0 140 177 0 1 162 1 0 2 1 3 0
60 1 0 145 282 0 0 142 1 2.8 1 2 3 0
70 1 2 160 269 0 1 112 1 2.9 1 1 3 0
39 0 2 94 199 0 1 179 0 0 2 0 2 1
35 0 0 138 183 0 1 182 0 1.4 2 0 2 1
51 1 3 125 213 0 0 125 1 1.4 2 1 2 1
63 0 0 124 197 0 1 136 1 0 1 0 2 0
44 0 2 108 141 0 1 175 0 0.6 1 0 2 1
53 1 0 123 282 0 1 95 1 2 1 2 3 0
58 0 3 150 283 1 0 162 0 1 2 0 2 1
44 1 1 120 263 0 1 173 0 0 2 0 3 1
51 1 2 125 245 1 0 166 0 2.4 1 0 2 1
66 0 0 178 228 1 1 165 1 1 1 2 3 0
29 1 1 130 204 0 0 202 0 0 2 0 2 1
57 1 0 152 274 0 1 88 1 1.2 1 1 3 0
74 0 1 120 269 0 0 121 1 0.2 2 1 2 1
63 0 1 140 195 0 1 179 0 0 2 2 2 1
63 1 3 145 233 1 0 150 0 2.3 0 0 1 1
62 0 0 140 394 0 0 157 0 1.2 1 0 2 1
48 1 0 122 222 0 0 186 0 0 2 0 2 1
50 1 0 144 200 0 0 126 1 0.9 1 0 3 0
52 1 3 152 298 1 1 178 0 1.2 1 0 3 1
70 1 0 145 174 0 1 125 1 2.6 0 0 3 0
44 0 2 118 242 0 1 149 0 0.3 1 1 2 1
64 1 3 110 211 0 0 144 1 1.8 1 0 2 1
42 0 0 102 265 0 0 122 0 0.6 1 0 2 1
59 1 3 160 273 0 0 125 0 0 2 0 2 0
58 1 2 105 240 0 0 154 1 0.6 1 0 3 1
67 1 0 120 229 0 0 129 1 2.6 1 2 3 0
46 1 0 140 311 0 1 120 1 1.8 1 2 3 0
48 1 0 130 256 1 0 150 1 0 2 2 3 0
55 1 0 140 217 0 1 111 1 5.6 0 0 3 0
64 0 2 140 313 0 1 133 0 0.2 2 0 3 1

